0.2786394557823129 1.253877551020408
1.253877551020408 3.274013605442177
3.274013605442177 5.224489795918367
5.224489795918367 7.22140589569161
7.22140589569161 9.241541950113378
9.241541950113378 11.23845804988662
11.23845804988662 13.235374149659863
13.235374149659863 15.232290249433106
15.232290249433106 17.2756462585034
17.2756462585034 19.272562358276645
19.272562358276645 21.24625850340136
21.24625850340136 23.2431746031746
23.2431746031746 25.26331065759637
25.26331065759637 27.260226757369615
27.260226757369615 29.257142857142856
29.257142857142856 31.2540589569161
31.2540589569161 33.274195011337866
33.274195011337866 35.247891156462586
35.247891156462586 37.268027210884355
37.268027210884355 39.2649433106576
39.2649433106576 41.28507936507936
41.28507936507936 43.281995464852606
43.281995464852606 45.302131519274376
45.302131519274376 47.275827664399095
47.275827664399095 49.27274376417233
49.27274376417233 51.26965986394558
51.26965986394558 53.26657596371882
53.26657596371882 55.263492063492066
55.263492063492066 57.2604081632653
57.2604081632653 59.25732426303855
59.25732426303855 61.27746031746032
61.27746031746032 63.25115646258504
63.25115646258504 65.22485260770975
65.22485260770975 67.221768707483
67.221768707483 69.26512471655329
69.26512471655329 71.26204081632653
71.26204081632653 73.18929705215419
73.18929705215419 75.27909297052155
75.27909297052155 77.25278911564625
77.25278911564625 79.2497052154195
79.2497052154195 81.26984126984127
81.26984126984127 83.24353741496599
83.24353741496599 85.26367346938775
85.26367346938775 87.260589569161
87.260589569161 89.23428571428572
89.23428571428572 91.25442176870749
91.25442176870749 93.25133786848073
93.25133786848073 95.24825396825396
95.24825396825396 97.2451700680272
97.2451700680272 99.21886621315193
99.21886621315193 101.21578231292517
101.21578231292517 103.23591836734694
103.23591836734694 105.25605442176871
105.25605442176871 107.25297052154195
107.25297052154195 109.27310657596372
109.27310657596372 111.27002267573697
111.27002267573697 113.2669387755102
113.2669387755102 115.26385487528344
115.26385487528344 117.26077097505669
117.26077097505669 119.21124716553288
119.21124716553288 121.23138321995465
121.23138321995465 123.2282993197279
123.2282993197279 125.27165532879819
125.27165532879819 127.26857142857143
127.26857142857143 129.26548752834466
129.26548752834466 131.2391836734694
131.2391836734694 133.25931972789115
133.25931972789115 135.27945578231294
135.27945578231294 137.25315192743764
137.25315192743764 139.2732879818594
139.2732879818594 141.24698412698413
141.24698412698413 143.24390022675738
143.24390022675738 145.24081632653062
145.24081632653062 147.23773242630386
147.23773242630386 149.2346485260771
149.2346485260771 151.2780045351474
151.2780045351474 153.2517006802721
153.2517006802721 155.27183673469386
155.27183673469386 157.2687528344671
157.2687528344671 159.26566893424035
159.26566893424035 161.28580498866214
161.28580498866214 163.25950113378684
163.25950113378684 165.2564172335601
165.2564172335601 167.23011337868482
167.23011337868482 169.2734693877551
169.2734693877551 171.27038548752836
171.27038548752836 173.24408163265306
173.24408163265306 175.26421768707482
175.26421768707482 177.26113378684806
177.26113378684806 179.2580498866213
179.2580498866213 181.2781859410431
181.2781859410431 183.27510204081634
183.27510204081634 185.27201814058958
185.27201814058958 187.24571428571429
187.24571428571429 189.24263038548753
189.24263038548753 191.21632653061224
191.21632653061224 193.19002267573697
193.19002267573697 195.23337868480726
195.23337868480726 197.25351473922902
197.25351473922902 199.2736507936508
199.2736507936508 201.224126984127
201.224126984127 203.24426303854875
203.24426303854875 205.241179138322
205.241179138322 207.23809523809524
207.23809523809524 209.258231292517
209.258231292517 211.25514739229024
211.25514739229024 213.27528344671202
213.27528344671202 215.27219954648527
215.27219954648527 217.24589569160997
217.24589569160997 219.26603174603176
219.26603174603176 221.262947845805
221.262947845805 223.2366439909297
223.2366439909297 225.25678004535146
225.25678004535146 227.2536961451247
227.2536961451247 229.25061224489795
229.25061224489795 231.27074829931973
231.27074829931973 233.26766439909298
233.26766439909298 235.26458049886622
235.26458049886622 237.23827664399093
237.23827664399093 239.28163265306122
239.28163265306122 241.25532879818593
241.25532879818593 243.11292517006802
243.11292517006802 245.2259410430839
245.2259410430839 247.22285714285715
247.22285714285715 249.2429931972789
249.2429931972789 251.23990929705215
251.23990929705215 253.2368253968254
253.2368253968254 255.2801814058957
255.2801814058957 257.30031746031744
257.30031746031744 259.32045351473926
259.32045351473926 261.29414965986393
261.29414965986393 263.26784580498867
263.26784580498867 265.2415419501134
265.2415419501134 267.2152380952381
267.2152380952381 269.21215419501135
269.21215419501135 271.25551020408165
271.25551020408165 273.29886621315194
273.29886621315194 275.24934240362813
275.24934240362813 277.2694784580499
277.2694784580499 279.2663945578231
279.2663945578231 281.24009070294784
281.24009070294784 283.2370068027211
283.2370068027211 285.2339229024943
285.2339229024943 287.2308390022676
287.2308390022676 289.25097505668936
289.25097505668936 291.2478911564626
291.2478911564626 293.24480725623584
293.24480725623584 295.24172335600906
295.24172335600906 297.2618594104308
297.2618594104308 299.2587755102041
299.2587755102041 301.27891156462584
301.27891156462584 303.2526077097506
303.2526077097506 305.2263038548753
305.2263038548753 307.24643990929707
307.24643990929707 309.2433560090703
309.2433560090703 311.24027210884356
311.24027210884356 313.2371882086168
313.2371882086168 315.23410430839004
315.23410430839004 317.2542403628118
317.2542403628118 319.251156462585
319.251156462585 321.2480725623583
321.2480725623583 323.2449886621315
323.2449886621315 325.2419047619048
325.2419047619048 327.238820861678
327.238820861678 329.23573696145127
329.23573696145127 331.2326530612245
331.2326530612245 333.25278911564624
333.25278911564624 335.22648526077097
335.22648526077097 337.26984126984127
337.26984126984127 339.243537414966
339.243537414966 341.2404535147392
341.2404535147392 343.2373696145125
343.2373696145125 345.2342857142857
345.2342857142857 347.25442176870746
347.25442176870746 349.25133786848073
349.25133786848073 351.2714739229025
351.2714739229025 353.2451700680272
353.2451700680272 355.24208616780044
355.24208616780044 357.2390022675737
357.2390022675737 359.2359183673469
359.2359183673469 361.2328344671202
361.2328344671202 363.25297052154195
363.25297052154195 365.2266666666667
365.2266666666667 367.270022675737
367.270022675737 369.24371882086166
369.24371882086166 371.26385487528347
371.26385487528347 373.23755102040815
373.23755102040815 375.2344671201814
375.2344671201814 377.2546031746032
377.2546031746032 379.2282993197279
379.2282993197279 381.2019954648526
381.2019954648526 383.2221315192744
383.2221315192744 385.24226757369615
385.24226757369615 387.23918367346937
387.23918367346937 389.2593197278912
389.2593197278912 391.2562358276644
391.2562358276644 393.2531519274376
393.2531519274376 395.2500680272109
395.2500680272109 397.2005442176871
397.2005442176871 399.22068027210884
399.22068027210884 401.2408163265306
401.2408163265306 403.23773242630386
403.23773242630386 405.2578684807256
405.2578684807256 407.2547845804989
407.2547845804989 